302
2 3 0 100 460
2 4 0 100 460
2 5 0 100 460
2 6 0 100 460
2 7 0 100 460
2 8 0 100 460
2 9 0 100 460
2 10 0 100 460
2 11 0 100 460
2 12 0 100 460
2 13 0 100 460
2 14 0 100 460
2 15 0 100 460
2 16 0 100 460
2 17 0 100 460
2 18 0 100 460
2 19 0 100 460
2 20 0 100 460
2 21 0 100 460
2 22 0 100 460
2 23 0 100 460
2 24 0 100 460
2 25 0 100 460
2 26 0 100 460
2 27 0 100 460
2 28 0 100 460
2 29 0 100 460
2 30 0 100 460
2 31 0 100 460
2 32 0 100 460
2 33 0 100 460
2 34 0 100 460
2 35 0 100 460
2 36 0 100 460
2 37 0 100 460
2 38 0 100 460
2 39 0 100 460
2 40 0 100 460
2 41 0 100 460
2 42 0 100 460
2 43 0 100 460
2 44 0 100 460
2 45 0 100 460
2 46 0 100 460
2 47 0 100 460
2 48 0 100 460
2 49 0 100 460
2 50 0 100 460
2 51 0 100 460
2 52 0 100 460
2 53 0 100 460
2 54 0 100 460
2 55 0 100 460
2 56 0 100 460
2 57 0 100 460
2 58 0 100 460
2 59 0 100 460
2 60 0 100 460
2 61 0 100 460
2 62 0 100 460
2 63 0 100 460
2 64 0 100 460
2 65 0 100 460
2 66 0 100 460
2 67 0 100 460
2 68 0 100 460
2 69 0 100 460
2 70 0 100 460
2 71 0 100 460
2 72 0 100 460
2 73 0 100 460
2 74 0 100 460
2 75 0 100 460
2 76 0 100 460
2 77 0 100 460
2 78 0 100 460
2 79 0 100 460
2 80 0 100 460
2 81 0 100 460
2 82 0 100 460
2 83 0 100 460
2 84 0 100 460
2 85 0 100 460
2 86 0 100 460
2 87 0 100 460
2 88 0 100 460
2 89 0 100 460
2 90 0 100 460
2 91 0 100 460
2 92 0 100 460
2 93 0 100 460
2 94 0 100 460
2 95 0 100 460
2 96 0 100 460
2 97 0 100 460
2 98 0 100 460
2 99 0 100 460
2 100 0 100 460
2 101 0 100 460
2 102 0 100 460
2 103 0 100 460
2 104 0 100 460
2 105 0 100 460
2 106 0 100 460
2 107 0 100 460
2 108 0 100 460
2 109 0 100 460
2 110 0 100 460
2 111 0 100 460
2 112 0 100 460
2 113 0 100 460
2 114 0 100 460
2 115 0 100 460
2 116 0 100 460
2 117 0 100 460
2 118 0 100 460
2 119 0 100 460
2 120 0 100 460
2 121 0 100 460
2 122 0 100 460
2 123 0 100 460
2 124 0 100 460
2 125 0 100 460
2 126 0 100 460
2 127 0 100 460
2 128 0 100 460
2 129 0 100 460
2 130 0 100 460
2 131 0 100 460
2 132 0 100 460
2 133 0 100 460
2 134 0 100 460
2 135 0 100 460
2 136 0 100 460
2 137 0 100 460
2 138 0 100 460
2 139 0 100 460
2 140 0 100 460
2 141 0 100 460
2 142 0 100 460
2 143 0 100 460
2 144 0 100 460
2 145 0 100 460
2 146 0 100 460
2 147 0 100 460
2 148 0 100 460
2 149 0 100 460
2 150 0 100 460
2 151 0 100 460
2 152 0 100 460
3 153 0 100 -460
4 154 0 100 -460
5 155 0 100 -460
6 156 0 100 -460
7 157 0 100 -460
8 158 0 100 -460
9 159 0 100 -460
10 160 0 100 -460
11 161 0 100 -460
12 162 0 100 -460
13 163 0 100 -460
14 164 0 100 -460
15 165 0 100 -460
16 166 0 100 -460
17 167 0 100 -460
18 168 0 100 -460
19 169 0 100 -460
20 170 0 100 -460
21 171 0 100 -460
22 172 0 100 -460
23 173 0 100 -460
24 174 0 100 -460
25 175 0 100 -460
26 176 0 100 -460
27 177 0 100 -460
28 178 0 100 -460
29 179 0 100 -460
30 180 0 100 -460
31 181 0 100 -460
32 182 0 100 -460
33 183 0 100 -460
34 184 0 100 -460
35 185 0 100 -460
36 186 0 100 -460
37 187 0 100 -460
38 188 0 100 -460
39 189 0 100 -460
40 190 0 100 -460
41 191 0 100 -460
42 192 0 100 -460
43 193 0 100 -460
44 194 0 100 -460
45 195 0 100 -460
46 196 0 100 -460
47 197 0 100 -460
48 198 0 100 -460
49 199 0 100 -460
50 200 0 100 -460
51 201 0 100 -460
52 202 0 100 -460
53 203 0 100 -460
54 204 0 100 -460
55 205 0 100 -460
56 206 0 100 -460
57 207 0 100 -460
58 208 0 100 -460
59 209 0 100 -460
60 210 0 100 -460
61 211 0 100 -460
62 212 0 100 -460
63 213 0 100 -460
64 214 0 100 -460
65 215 0 100 -460
66 216 0 100 -460
67 217 0 100 -460
68 218 0 100 -460
69 219 0 100 -460
70 220 0 100 -460
71 221 0 100 -460
72 222 0 100 -460
73 223 0 100 -460
74 224 0 100 -460
75 225 0 100 -460
76 226 0 100 -460
77 227 0 100 -460
78 228 0 100 -460
79 229 0 100 -460
80 230 0 100 -460
81 231 0 100 -460
82 232 0 100 -460
83 233 0 100 -460
84 234 0 100 -460
85 235 0 100 -460
86 236 0 100 -460
87 237 0 100 -460
88 238 0 100 -460
89 239 0 100 -460
90 240 0 100 -460
91 241 0 100 -460
92 242 0 100 -460
93 243 0 100 -460
94 244 0 100 -460
95 245 0 100 -460
96 246 0 100 -460
97 247 0 100 -460
98 248 0 100 -460
99 249 0 100 -460
100 250 0 100 -460
101 251 0 100 -460
102 252 0 100 -460
103 253 0 100 -460
104 254 0 100 -460
105 255 0 100 -460
106 256 0 100 -460
107 257 0 100 -460
108 258 0 100 -460
109 259 0 100 -460
110 260 0 100 -460
111 261 0 100 -460
112 262 0 100 -460
113 263 0 100 -460
114 264 0 100 -460
115 265 0 100 -460
116 266 0 100 -460
117 267 0 100 -460
118 268 0 100 -460
119 269 0 100 -460
120 270 0 100 -460
121 271 0 100 -460
122 272 0 100 -460
123 273 0 100 -460
124 274 0 100 -460
125 275 0 100 -460
126 276 0 100 -460
127 277 0 100 -460
128 278 0 100 -460
129 279 0 100 -460
130 280 0 100 -460
131 281 0 100 -460
132 282 0 100 -460
133 283 0 100 -460
134 284 0 100 -460
135 285 0 100 -460
136 286 0 100 -460
137 287 0 100 -460
138 288 0 100 -460
139 289 0 100 -460
140 290 0 100 -460
141 291 0 100 -460
142 292 0 100 -460
143 293 0 100 -460
144 294 0 100 -460
145 295 0 100 -460
146 296 0 100 -460
147 297 0 100 -460
148 298 0 100 -460
149 299 0 100 -460
150 300 0 100 -460
151 301 0 100 -460
152 302 0 100 -460
153 1 0 100 460
154 1 0 100 460
155 1 0 100 460
156 1 0 100 460
157 1 0 100 460
158 1 0 100 460
159 1 0 100 460
160 1 0 100 460
161 1 0 100 460
162 1 0 100 460
163 1 0 100 460
164 1 0 100 460
165 1 0 100 460
166 1 0 100 460
167 1 0 100 460
168 1 0 100 460
169 1 0 100 460
170 1 0 100 460
171 1 0 100 460
172 1 0 100 460
173 1 0 100 460
174 1 0 100 460
175 1 0 100 460
176 1 0 100 460
177 1 0 100 460
178 1 0 100 460
179 1 0 100 460
180 1 0 100 460
181 1 0 100 460
182 1 0 100 460
183 1 0 100 460
184 1 0 100 460
185 1 0 100 460
186 1 0 100 460
187 1 0 100 460
188 1 0 100 460
189 1 0 100 460
190 1 0 100 460
191 1 0 100 460
192 1 0 100 460
193 1 0 100 460
194 1 0 100 460
195 1 0 100 460
196 1 0 100 460
197 1 0 100 460
198 1 0 100 460
199 1 0 100 460
200 1 0 100 460
201 1 0 100 460
202 1 0 100 460
203 1 0 100 460
203 114 0 100 17
203 115 0 100 19
203 149 0 100 19
203 151 0 100 18
203 104 0 100 13
203 103 0 100 3
204 128 0 100 17
204 1 0 100 460
204 137 0 100 13
204 148 0 100 15
204 149 0 100 8
204 150 0 100 14
204 151 0 100 10
204 152 0 100 12
204 103 0 100 16
204 104 0 100 2
204 105 0 100 17
204 106 0 100 18
204 107 0 100 19
204 109 0 100 14
204 110 0 100 17
204 111 0 100 15
204 112 0 100 19
204 115 0 100 4
204 118 0 100 18
204 119 0 100 14
204 120 0 100 15
204 121 0 100 18
204 124 0 100 16
204 125 0 100 16
204 126 0 100 9
204 127 0 100 16
205 128 0 100 16
205 129 0 100 11
205 130 0 100 13
205 132 0 100 16
205 133 0 100 15
205 1 0 100 460
205 137 0 100 4
205 138 0 100 14
205 139 0 100 14
205 141 0 100 16
205 143 0 100 17
205 144 0 100 17
205 145 0 100 18
205 148 0 100 3
205 149 0 100 12
205 150 0 100 3
205 151 0 100 13
205 152 0 100 5
205 104 0 100 18
205 105 0 100 0
205 106 0 100 2
205 107 0 100 3
205 108 0 100 6
205 109 0 100 7
205 110 0 100 4
205 111 0 100 11
205 112 0 100 5
205 113 0 100 6
205 115 0 100 12
205 119 0 100 16
205 120 0 100 12
205 121 0 100 9
205 124 0 100 18
205 125 0 100 18
205 126 0 100 8
205 127 0 100 14
206 128 0 100 18
206 129 0 100 9
206 130 0 100 15
206 132 0 100 17
206 133 0 100 16
206 1 0 100 460
206 137 0 100 6
206 138 0 100 16
206 139 0 100 14
206 141 0 100 18
206 143 0 100 19
206 144 0 100 17
206 145 0 100 19
206 148 0 100 4
206 149 0 100 14
206 150 0 100 5
206 151 0 100 15
206 152 0 100 8
206 105 0 100 2
206 106 0 100 0
206 107 0 100 1
206 108 0 100 3
206 109 0 100 9
206 110 0 100 6
206 111 0 100 13
206 112 0 100 7
206 113 0 100 4
206 115 0 100 15
206 119 0 100 18
206 120 0 100 14
206 121 0 100 11
206 125 0 100 19
206 126 0 100 10
206 127 0 100 16
207 128 0 100 17
207 129 0 100 7
207 130 0 100 14
207 132 0 100 17
207 133 0 100 16
207 1 0 100 460
207 137 0 100 8
207 138 0 100 16
207 139 0 100 14
207 141 0 100 17
207 143 0 100 18
207 144 0 100 17
207 145 0 100 19
207 148 0 100 6
207 149 0 100 16
207 150 0 100 7
207 151 0 100 17
207 152 0 100 9
207 105 0 100 3
207 106 0 100 2
207 107 0 100 1
207 108 0 100 2
207 109 0 100 9
207 110 0 100 6
207 111 0 100 13
207 112 0 100 7
207 113 0 100 2
207 115 0 100 16
207 119 0 100 17
207 120 0 100 14
207 121 0 100 10
207 124 0 100 19
207 125 0 100 19
207 126 0 100 12
207 127 0 100 16
208 128 0 100 19
208 129 0 100 7
208 130 0 100 17
208 132 0 100 19
208 133 0 100 18
208 1 0 100 460
208 137 0 100 10
208 138 0 100 18
208 139 0 100 16
208 144 0 100 19
208 148 0 100 8
208 149 0 100 17
208 150 0 100 9
208 151 0 100 18
208 152 0 100 11
208 105 0 100 5
208 106 0 100 4
208 107 0 100 3
208 108 0 100 0
208 109 0 100 11
208 110 0 100 8
208 111 0 100 15
208 112 0 100 10
208 113 0 100 5
208 115 0 100 18
208 119 0 100 19
208 120 0 100 16
208 121 0 100 13
208 126 0 100 13
208 127 0 100 18
209 128 0 100 9
209 1 0 100 460
209 130 0 100 8
209 132 0 100 13
209 133 0 100 14
209 135 0 100 18
209 136 0 100 14
209 137 0 100 10
209 138 0 100 15
209 139 0 100 18
209 141 0 100 16
209 143 0 100 19
209 148 0 100 10
209 149 0 100 9
209 150 0 100 8
209 151 0 100 10
209 152 0 100 1
209 129 0 100 15
209 104 0 100 15
209 105 0 100 8
209 106 0 100 9
209 107 0 100 8
209 108 0 100 11
209 109 0 100 1
209 110 0 100 4
209 111 0 100 4
209 112 0 100 6
209 113 0 100 10
209 114 0 100 17
209 115 0 100 9
209 116 0 100 15
209 117 0 100 16
209 118 0 100 13
209 119 0 100 9
209 120 0 100 5
209 121 0 100 4
209 122 0 100 19
209 123 0 100 14
209 124 0 100 11
209 125 0 100 11
209 126 0 100 6
209 127 0 100 7
210 128 0 100 12
210 1 0 100 460
210 130 0 100 9
210 132 0 100 12
210 133 0 100 11
210 129 0 100 12
210 136 0 100 16
210 137 0 100 7
210 138 0 100 12
210 139 0 100 15
210 141 0 100 13
210 143 0 100 16
210 144 0 100 18
210 145 0 100 17
210 146 0 100 18
210 148 0 100 7
210 149 0 100 11
210 150 0 100 5
210 151 0 100 13
210 152 0 100 4
210 104 0 100 18
210 105 0 100 5
210 106 0 100 6
210 107 0 100 5
210 108 0 100 8
210 109 0 100 3
210 110 0 100 1
210 111 0 100 7
210 112 0 100 3
210 113 0 100 7
210 115 0 100 12
210 116 0 100 17
210 117 0 100 19
210 118 0 100 16
210 119 0 100 12
210 120 0 100 8
210 121 0 100 4
210 123 0 100 17
210 124 0 100 14
210 125 0 100 14
210 126 0 100 7
210 127 0 100 10
211 128 0 100 14
211 1 0 100 460
211 130 0 100 18
211 131 0 100 11
211 134 0 100 13
211 135 0 100 17
211 140 0 100 15
211 142 0 100 19
211 149 0 100 13
211 151 0 100 11
211 152 0 100 17
211 103 0 100 18
211 104 0 100 19
211 109 0 100 15
211 110 0 100 18
211 111 0 100 12
211 112 0 100 16
211 114 0 100 2
211 115 0 100 19
211 116 0 100 4
211 117 0 100 4
211 118 0 100 6
211 119 0 100 10
211 120 0 100 13
211 121 0 100 15
211 122 0 100 4
211 123 0 100 7
211 124 0 100 10
211 125 0 100 11
211 127 0 100 13
212 128 0 100 8
212 1 0 100 460
212 130 0 100 4
212 132 0 100 9
212 133 0 100 9
212 129 0 100 11
212 136 0 100 12
212 137 0 100 12
212 138 0 100 11
212 139 0 100 14
212 141 0 100 12
212 143 0 100 15
212 144 0 100 17
212 145 0 100 16
212 146 0 100 17
212 148 0 100 12
212 149 0 100 13
212 150 0 100 9
212 151 0 100 14
212 152 0 100 6
212 135 0 100 16
212 104 0 100 19
212 105 0 100 9
212 106 0 100 10
212 107 0 100 9
212 108 0 100 12
212 109 0 100 3
212 110 0 100 4
212 111 0 100 2
212 112 0 100 3
212 113 0 100 7
212 114 0 100 15
212 115 0 100 13
212 116 0 100 13
212 117 0 100 14
212 118 0 100 11
212 119 0 100 7
212 120 0 100 4
212 121 0 100 0
212 122 0 100 17
212 123 0 100 13
212 124 0 100 9
212 125 0 100 9
212 126 0 100 8
212 127 0 100 6
213 128 0 100 10
213 1 0 100 460
213 130 0 100 7
213 132 0 100 10
213 133 0 100 9
213 129 0 100 9
213 136 0 100 14
213 137 0 100 9
213 138 0 100 9
213 139 0 100 13
213 141 0 100 11
213 143 0 100 14
213 144 0 100 15
213 145 0 100 15
213 146 0 100 16
213 148 0 100 9
213 149 0 100 14
213 150 0 100 7
213 151 0 100 15
213 152 0 100 7
213 135 0 100 18
213 105 0 100 7
213 106 0 100 8
213 107 0 100 7
213 108 0 100 10
213 109 0 100 4
213 110 0 100 2
213 111 0 100 5
213 112 0 100 0
213 113 0 100 5
213 114 0 100 18
213 115 0 100 14
213 116 0 100 15
213 117 0 100 17
213 118 0 100 13
213 119 0 100 10
213 120 0 100 6
213 121 0 100 2
213 122 0 100 19
213 123 0 100 15
213 124 0 100 12
213 125 0 100 12
213 126 0 100 9
213 127 0 100 8
214 128 0 100 10
214 1 0 100 460
214 130 0 100 14
214 131 0 100 10
214 132 0 100 19
214 133 0 100 19
214 134 0 100 10
214 135 0 100 13
214 136 0 100 17
214 140 0 100 11
214 142 0 100 15
214 149 0 100 13
214 151 0 100 11
214 152 0 100 18
214 109 0 100 16
214 110 0 100 18
214 111 0 100 11
214 112 0 100 17
214 114 0 100 5
214 115 0 100 19
214 116 0 100 0
214 117 0 100 0
214 118 0 100 2
214 119 0 100 7
214 120 0 100 10
214 121 0 100 14
214 122 0 100 3
214 123 0 100 2
214 124 0 100 5
214 125 0 100 7
214 127 0 100 9
215 128 0 100 13
215 1 0 100 460
215 130 0 100 16
215 136 0 100 19
215 137 0 100 8
215 148 0 100 10
215 149 0 100 7
215 150 0 100 9
215 151 0 100 9
215 152 0 100 7
215 104 0 100 7
215 105 0 100 12
215 106 0 100 14
215 107 0 100 14
215 108 0 100 17
215 109 0 100 10
215 110 0 100 12
215 111 0 100 10
215 112 0 100 14
215 113 0 100 18
215 115 0 100 0
215 116 0 100 19
215 118 0 100 17
215 119 0 100 13
215 120 0 100 10
215 121 0 100 13
215 123 0 100 18
215 124 0 100 15
215 125 0 100 15
215 126 0 100 4
215 127 0 100 11
216 128 0 100 8
216 129 0 100 19
216 130 0 100 12
216 131 0 100 12
216 132 0 100 17
216 133 0 100 18
216 134 0 100 12
216 1 0 100 460
216 136 0 100 16
216 138 0 100 19
216 140 0 100 11
216 142 0 100 13
216 149 0 100 11
216 151 0 100 9
216 152 0 100 16
216 104 0 100 17
216 135 0 100 11
216 109 0 100 14
216 110 0 100 16
216 111 0 100 9
216 112 0 100 15
216 113 0 100 19
216 114 0 100 6
216 115 0 100 17
216 116 0 100 1
216 117 0 100 2
216 118 0 100 0
216 119 0 100 4
216 120 0 100 8
216 121 0 100 12
216 122 0 100 5
216 123 0 100 0
216 124 0 100 3
216 125 0 100 5
216 127 0 100 7
217 128 0 100 8
217 1 0 100 460
217 130 0 100 12
217 131 0 100 14
217 132 0 100 17
217 133 0 100 17
217 134 0 100 14
217 135 0 100 11
217 136 0 100 15
217 129 0 100 18
217 138 0 100 18
217 140 0 100 12
217 142 0 100 13
217 149 0 100 10
217 150 0 100 19
217 151 0 100 8
217 152 0 100 14
217 104 0 100 16
217 105 0 100 19
217 107 0 100 19
217 109 0 100 12
217 110 0 100 15
217 111 0 100 8
217 112 0 100 13
217 113 0 100 17
217 114 0 100 7
217 115 0 100 15
217 116 0 100 2
217 117 0 100 4
217 118 0 100 0
217 119 0 100 3
217 120 0 100 6
217 121 0 100 10
217 122 0 100 7
217 123 0 100 2
217 124 0 100 3
217 125 0 100 4
217 126 0 100 18
217 127 0 100 7
218 128 0 100 5
218 1 0 100 460
218 130 0 100 9
218 131 0 100 16
218 132 0 100 14
218 133 0 100 15
218 134 0 100 16
218 129 0 100 16
218 136 0 100 13
218 137 0 100 19
218 138 0 100 16
218 139 0 100 19
218 140 0 100 15
218 141 0 100 18
218 142 0 100 14
218 147 0 100 19
218 148 0 100 19
218 149 0 100 7
218 150 0 100 16
218 151 0 100 8
218 152 0 100 11
218 135 0 100 9
218 104 0 100 14
218 105 0 100 16
218 106 0 100 17
218 107 0 100 16
218 108 0 100 19
218 109 0 100 9
218 110 0 100 12
218 111 0 100 5
218 112 0 100 10
218 113 0 100 14
218 114 0 100 9
218 115 0 100 12
218 116 0 100 6
218 117 0 100 7
218 118 0 100 4
218 119 0 100 0
218 120 0 100 3
218 121 0 100 7
218 122 0 100 10
218 123 0 100 5
218 124 0 100 2
218 125 0 100 2
218 126 0 100 15
218 127 0 100 4
219 128 0 100 4
219 1 0 100 460
219 130 0 100 9
219 131 0 100 15
219 132 0 100 14
219 133 0 100 14
219 134 0 100 15
219 129 0 100 15
219 136 0 100 12
219 138 0 100 15
219 139 0 100 18
219 140 0 100 13
219 141 0 100 17
219 142 0 100 13
219 143 0 100 19
219 147 0 100 18
219 149 0 100 8
219 150 0 100 18
219 151 0 100 9
219 152 0 100 12
219 135 0 100 8
219 104 0 100 14
219 105 0 100 18
219 106 0 100 18
219 107 0 100 18
219 109 0 100 10
219 110 0 100 13
219 111 0 100 6
219 112 0 100 12
219 113 0 100 16
219 114 0 100 10
219 115 0 100 14
219 116 0 100 5
219 117 0 100 6
219 118 0 100 3
219 119 0 100 1
219 120 0 100 5
219 121 0 100 8
219 122 0 100 9
219 123 0 100 4
219 124 0 100 0
219 125 0 100 1
219 126 0 100 17
219 127 0 100 4
220 128 0 100 3
220 1 0 100 460
220 130 0 100 7
220 131 0 100 19
220 132 0 100 12
220 133 0 100 13
220 134 0 100 19
220 129 0 100 14
220 136 0 100 11
220 137 0 100 16
220 138 0 100 14
220 139 0 100 17
220 140 0 100 18
220 141 0 100 16
220 142 0 100 17
220 143 0 100 18
220 145 0 100 19
220 147 0 100 17
220 148 0 100 16
220 149 0 100 9
220 150 0 100 13
220 151 0 100 10
220 152 0 100 8
220 135 0 100 12
220 104 0 100 16
220 105 0 100 13
220 106 0 100 14
220 107 0 100 13
220 108 0 100 16
220 109 0 100 6
220 110 0 100 9
220 111 0 100 1
220 112 0 100 7
220 113 0 100 11
220 114 0 100 12
220 115 0 100 10
220 116 0 100 9
220 117 0 100 10
220 118 0 100 7
220 119 0 100 3
220 120 0 100 1
220 121 0 100 4
220 122 0 100 13
220 123 0 100 9
220 124 0 100 5
220 125 0 100 5
220 126 0 100 12
220 127 0 100 2
221 128 0 100 4
221 1 0 100 460
221 130 0 100 5
221 132 0 100 11
221 133 0 100 11
221 134 0 100 19
221 129 0 100 12
221 136 0 100 9
221 137 0 100 15
221 138 0 100 12
221 139 0 100 15
221 140 0 100 18
221 141 0 100 14
221 142 0 100 18
221 143 0 100 16
221 144 0 100 18
221 145 0 100 18
221 146 0 100 19
221 147 0 100 18
221 148 0 100 15
221 149 0 100 11
221 150 0 100 12
221 151 0 100 12
221 152 0 100 7
221 135 0 100 13
221 104 0 100 17
221 105 0 100 13
221 106 0 100 13
221 107 0 100 13
221 108 0 100 15
221 109 0 100 5
221 110 0 100 8
221 111 0 100 1
221 112 0 100 6
221 113 0 100 10
221 114 0 100 13
221 115 0 100 11
221 116 0 100 10
221 117 0 100 11
221 118 0 100 8
221 119 0 100 4
221 120 0 100 0
221 121 0 100 3
221 122 0 100 14
221 123 0 100 9
221 124 0 100 6
221 125 0 100 6
221 126 0 100 11
221 127 0 100 2
222 128 0 100 3
222 1 0 100 460
222 130 0 100 5
222 131 0 100 18
222 132 0 100 10
222 133 0 100 10
222 134 0 100 18
222 129 0 100 11
222 136 0 100 8
222 137 0 100 16
222 138 0 100 12
222 139 0 100 15
222 140 0 100 17
222 141 0 100 13
222 142 0 100 16
222 143 0 100 16
222 144 0 100 17
222 145 0 100 17
222 146 0 100 18
222 147 0 100 16
222 148 0 100 16
222 149 0 100 12
222 150 0 100 14
222 151 0 100 13
222 152 0 100 8
222 135 0 100 12
222 104 0 100 18
222 105 0 100 14
222 106 0 100 15
222 107 0 100 14
222 108 0 100 16
222 109 0 100 6
222 110 0 100 9
222 111 0 100 2
222 112 0 100 8
222 113 0 100 12
222 114 0 100 14
222 115 0 100 12
222 116 0 100 9
222 117 0 100 10
222 118 0 100 8
222 119 0 100 4
222 120 0 100 1
222 121 0 100 4
222 122 0 100 12
222 123 0 100 8
222 124 0 100 5
222 125 0 100 4
222 126 0 100 12
222 127 0 100 1
223 128 0 100 13
223 129 0 100 4
223 130 0 100 10
223 132 0 100 13
223 133 0 100 12
223 1 0 100 460
223 136 0 100 17
223 137 0 100 11
223 138 0 100 12
223 139 0 100 10
223 141 0 100 14
223 143 0 100 15
223 144 0 100 13
223 145 0 100 15
223 146 0 100 19
223 148 0 100 9
223 149 0 100 19
223 150 0 100 10
223 152 0 100 12
223 105 0 100 7
223 106 0 100 5
223 107 0 100 4
223 108 0 100 6
223 109 0 100 10
223 110 0 100 7
223 111 0 100 9
223 112 0 100 5
223 113 0 100 1
223 115 0 100 19
223 116 0 100 18
223 118 0 100 17
223 119 0 100 13
223 120 0 100 10
223 121 0 100 6
223 123 0 100 18
223 124 0 100 15
223 125 0 100 15
223 126 0 100 15
223 127 0 100 12
224 128 0 100 14
224 129 0 100 1
224 130 0 100 11
224 132 0 100 14
224 133 0 100 13
224 1 0 100 460
224 136 0 100 18
224 137 0 100 15
224 138 0 100 13
224 139 0 100 11
224 141 0 100 15
224 143 0 100 16
224 144 0 100 14
224 145 0 100 16
224 146 0 100 19
224 148 0 100 13
224 150 0 100 14
224 152 0 100 16
224 105 0 100 11
224 106 0 100 9
224 107 0 100 8
224 108 0 100 6
224 109 0 100 13
224 110 0 100 10
224 111 0 100 13
224 112 0 100 9
224 113 0 100 5
224 118 0 100 19
224 119 0 100 15
224 120 0 100 13
224 121 0 100 10
224 123 0 100 19
224 124 0 100 16
224 125 0 100 16
224 126 0 100 18
224 127 0 100 12
225 128 0 100 10
225 1 0 100 460
225 130 0 100 14
225 131 0 100 8
225 132 0 100 19
225 134 0 100 9
225 135 0 100 13
225 136 0 100 17
225 140 0 100 11
225 142 0 100 15
225 149 0 100 15
225 151 0 100 14
225 109 0 100 18
225 111 0 100 13
225 112 0 100 19
225 114 0 100 4
225 116 0 100 3
225 117 0 100 1
225 118 0 100 5
225 119 0 100 9
225 120 0 100 12
225 121 0 100 15
225 122 0 100 1
225 123 0 100 3
225 124 0 100 6
225 125 0 100 7
225 127 0 100 10
226 128 0 100 16
226 129 0 100 17
226 130 0 100 13
226 132 0 100 16
226 133 0 100 16
226 1 0 100 460
226 137 0 100 3
226 138 0 100 17
226 141 0 100 19
226 148 0 100 4
226 149 0 100 11
226 150 0 100 3
226 151 0 100 13
226 152 0 100 5
226 104 0 100 12
226 105 0 100 7
226 106 0 100 8
226 107 0 100 9
226 108 0 100 12
226 109 0 100 7
226 110 0 100 7
226 111 0 100 11
226 112 0 100 9
226 113 0 100 13
226 115 0 100 6
226 119 0 100 16
226 120 0 100 13
226 121 0 100 9
226 124 0 100 18
226 125 0 100 18
226 126 0 100 1
226 127 0 100 15
227 128 0 100 3
227 1 0 100 460
227 130 0 100 8
227 131 0 100 14
227 132 0 100 12
227 133 0 100 13
227 134 0 100 14
227 129 0 100 14
227 136 0 100 11
227 138 0 100 14
227 139 0 100 17
227 140 0 100 13
227 141 0 100 16
227 142 0 100 13
227 143 0 100 18
227 145 0 100 19
227 147 0 100 17
227 149 0 100 9
227 150 0 100 18
227 151 0 100 10
227 152 0 100 13
227 135 0 100 8
227 104 0 100 15
227 105 0 100 18
227 106 0 100 19
227 107 0 100 18
227 109 0 100 11
227 110 0 100 13
227 111 0 100 6
227 112 0 100 12
227 113 0 100 16
227 114 0 100 11
227 115 0 100 14
227 116 0 100 6
227 117 0 100 7
227 118 0 100 5
227 119 0 100 1
227 120 0 100 5
227 121 0 100 9
227 122 0 100 8
227 123 0 100 4
227 124 0 100 1
227 125 0 100 0
227 126 0 100 17
227 127 0 100 3
228 128 0 100 11
228 1 0 100 460
228 130 0 100 14
228 131 0 100 5
228 132 0 100 19
228 133 0 100 19
228 134 0 100 9
228 135 0 100 13
228 136 0 100 17
228 140 0 100 11
228 142 0 100 15
228 149 0 100 18
228 151 0 100 17
228 111 0 100 16
228 114 0 100 4
228 116 0 100 6
228 117 0 100 5
228 118 0 100 8
228 119 0 100 12
228 120 0 100 15
228 121 0 100 18
228 122 0 100 2
228 123 0 100 7
228 124 0 100 10
228 125 0 100 10
228 127 0 100 13
229 128 0 100 1
229 1 0 100 460
229 130 0 100 4
229 131 0 100 14
229 132 0 100 8
229 133 0 100 9
229 134 0 100 14
229 129 0 100 14
229 136 0 100 6
229 138 0 100 10
229 139 0 100 13
229 140 0 100 12
229 141 0 100 11
229 142 0 100 12
229 143 0 100 14
229 144 0 100 16
229 145 0 100 15
229 146 0 100 16
229 147 0 100 13
229 149 0 100 13
229 150 0 100 18
229 151 0 100 15
229 152 0 100 13
229 135 0 100 7
229 105 0 100 18
229 106 0 100 18
229 107 0 100 18
229 109 0 100 11
229 110 0 100 13
229 111 0 100 7
229 112 0 100 12
229 113 0 100 16
229 114 0 100 16
229 115 0 100 14
229 116 0 100 11
229 117 0 100 11
229 118 0 100 9
229 119 0 100 5
229 120 0 100 5
229 121 0 100 9
229 122 0 100 12
229 123 0 100 9
229 124 0 100 6
229 125 0 100 4
229 126 0 100 17
229 127 0 100 3
230 128 0 100 6
230 1 0 100 460
230 130 0 100 1
230 131 0 100 19
230 132 0 100 5
230 133 0 100 4
230 134 0 100 19
230 129 0 100 8
230 136 0 100 9
230 137 0 100 14
230 138 0 100 5
230 139 0 100 9
230 140 0 100 18
230 141 0 100 7
230 142 0 100 17
230 143 0 100 10
230 144 0 100 12
230 145 0 100 11
230 146 0 100 12
230 147 0 100 17
230 148 0 100 14
230 149 0 100 17
230 150 0 100 12
230 151 0 100 19
230 152 0 100 11
230 135 0 100 13
230 105 0 100 12
230 106 0 100 13
230 107 0 100 12
230 108 0 100 14
230 109 0 100 8
230 110 0 100 7
230 111 0 100 8
230 112 0 100 6
230 113 0 100 10
230 115 0 100 18
230 116 0 100 15
230 117 0 100 16
230 118 0 100 14
230 119 0 100 10
230 120 0 100 7
230 121 0 100 5
230 122 0 100 16
230 123 0 100 13
230 124 0 100 10
230 125 0 100 9
230 126 0 100 13
230 127 0 100 6
231 128 0 100 15
231 1 0 100 460
231 130 0 100 18
231 131 0 100 2
231 132 0 100 17
231 133 0 100 18
231 134 0 100 7
231 135 0 100 11
231 136 0 100 15
231 138 0 100 19
231 140 0 100 9
231 142 0 100 13
231 114 0 100 9
231 116 0 100 11
231 117 0 100 10
231 118 0 100 13
231 119 0 100 16
231 120 0 100 19
231 122 0 100 7
231 123 0 100 11
231 124 0 100 14
231 125 0 100 14
231 127 0 100 17
232 128 0 100 10
232 129 0 100 11
232 130 0 100 6
232 132 0 100 1
232 133 0 100 0
232 134 0 100 15
232 135 0 100 9
232 136 0 100 5
232 137 0 100 17
232 138 0 100 0
232 139 0 100 4
232 140 0 100 14
232 141 0 100 2
232 142 0 100 13
232 143 0 100 5
232 144 0 100 7
232 145 0 100 6
232 146 0 100 8
232 147 0 100 14
232 148 0 100 17
232 150 0 100 15
232 152 0 100 15
232 1 0 100 460
232 105 0 100 15
232 106 0 100 16
232 107 0 100 15
232 108 0 100 17
232 109 0 100 13
232 110 0 100 11
232 111 0 100 12
232 112 0 100 9
232 113 0 100 13
232 116 0 100 19
232 118 0 100 18
232 119 0 100 14
232 120 0 100 12
232 121 0 100 9
232 123 0 100 18
232 124 0 100 15
232 125 0 100 13
232 126 0 100 18
232 127 0 100 11
233 128 0 100 7
233 129 0 100 18
233 130 0 100 9
233 131 0 100 15
233 132 0 100 5
233 133 0 100 7
233 134 0 100 8
233 1 0 100 460
233 136 0 100 3
233 138 0 100 7
233 139 0 100 10
233 140 0 100 7
233 141 0 100 8
233 142 0 100 7
233 143 0 100 11
233 144 0 100 13
233 145 0 100 12
233 146 0 100 13
233 147 0 100 10
233 149 0 100 16
233 151 0 100 17
233 152 0 100 17
233 135 0 100 1
233 109 0 100 16
233 110 0 100 18
233 111 0 100 12
233 112 0 100 17
233 114 0 100 18
233 115 0 100 19
233 116 0 100 14
233 117 0 100 14
233 118 0 100 12
233 119 0 100 9
233 120 0 100 10
233 121 0 100 14
233 122 0 100 14
233 123 0 100 12
233 124 0 100 9
233 125 0 100 7
233 127 0 100 9
234 128 0 100 7
234 129 0 100 17
234 130 0 100 8
234 131 0 100 17
234 132 0 100 5
234 133 0 100 6
234 134 0 100 9
234 1 0 100 460
234 136 0 100 0
234 138 0 100 6
234 139 0 100 7
234 140 0 100 8
234 141 0 100 5
234 142 0 100 7
234 143 0 100 8
234 144 0 100 10
234 145 0 100 9
234 146 0 100 11
234 147 0 100 8
234 149 0 100 19
234 152 0 100 16
234 135 0 100 4
234 109 0 100 15
234 110 0 100 17
234 111 0 100 11
234 112 0 100 16
234 113 0 100 19
234 115 0 100 19
234 116 0 100 17
234 117 0 100 17
234 118 0 100 15
234 119 0 100 11
234 120 0 100 9
234 121 0 100 13
234 122 0 100 17
234 123 0 100 15
234 124 0 100 12
234 125 0 100 10
234 127 0 100 8
235 128 0 100 10
235 129 0 100 13
235 130 0 100 6
235 132 0 100 0
235 133 0 100 1
235 134 0 100 13
235 135 0 100 7
235 136 0 100 3
235 137 0 100 19
235 138 0 100 1
235 139 0 100 4
235 140 0 100 12
235 141 0 100 2
235 142 0 100 12
235 143 0 100 5
235 144 0 100 7
235 145 0 100 7
235 146 0 100 8
235 147 0 100 12
235 148 0 100 19
235 150 0 100 17
235 152 0 100 15
235 1 0 100 460
235 105 0 100 17
235 106 0 100 18
235 107 0 100 17
235 108 0 100 19
235 109 0 100 12
235 110 0 100 13
235 111 0 100 12
235 112 0 100 11
235 113 0 100 15
235 116 0 100 19
235 118 0 100 18
235 119 0 100 14
235 120 0 100 12
235 121 0 100 9
235 123 0 100 17
235 124 0 100 15
235 125 0 100 13
235 126 0 100 18
235 127 0 100 11
236 128 0 100 11
236 129 0 100 12
236 130 0 100 7
236 132 0 100 2
236 133 0 100 1
236 134 0 100 15
236 135 0 100 8
236 136 0 100 5
236 137 0 100 18
236 138 0 100 0
236 139 0 100 3
236 140 0 100 13
236 141 0 100 1
236 142 0 100 13
236 143 0 100 4
236 144 0 100 6
236 145 0 100 5
236 146 0 100 7
236 147 0 100 13
236 148 0 100 17
236 150 0 100 15
236 152 0 100 16
236 1 0 100 460
236 105 0 100 15
236 106 0 100 16
236 107 0 100 15
236 108 0 100 18
236 109 0 100 14
236 110 0 100 11
236 111 0 100 13
236 112 0 100 10
236 113 0 100 13
236 118 0 100 19
236 119 0 100 15
236 120 0 100 13
236 121 0 100 10
236 123 0 100 18
236 124 0 100 16
236 125 0 100 14
236 126 0 100 19
236 127 0 100 12
237 128 0 100 19
237 129 0 100 14
237 130 0 100 16
237 132 0 100 19
237 133 0 100 18
237 1 0 100 460
237 137 0 100 0
237 138 0 100 17
237 139 0 100 17
237 141 0 100 19
237 148 0 100 1
237 149 0 100 14
237 150 0 100 2
237 151 0 100 16
237 152 0 100 9
237 104 0 100 15
237 105 0 100 3
237 106 0 100 5
237 107 0 100 6
237 108 0 100 9
237 109 0 100 10
237 110 0 100 7
237 111 0 100 14
237 112 0 100 8
237 113 0 100 10
237 115 0 100 9
237 119 0 100 19
237 120 0 100 16
237 121 0 100 12
237 126 0 100 4
237 127 0 100 17
238 128 0 100 15
238 129 0 100 8
238 130 0 100 11
238 107 0 100 13
238 132 0 100 6
238 133 0 100 5
238 134 0 100 17
238 1 0 100 460
238 136 0 100 8
238 137 0 100 19
238 138 0 100 4
238 139 0 100 1
238 140 0 100 16
238 141 0 100 4
238 142 0 100 16
238 143 0 100 6
238 144 0 100 4
238 145 0 100 6
238 146 0 100 10
238 147 0 100 16
238 148 0 100 17
238 150 0 100 18
238 105 0 100 15
238 106 0 100 14
238 135 0 100 13
238 108 0 100 15
238 109 0 100 18
238 110 0 100 15
238 111 0 100 17
238 112 0 100 13
238 113 0 100 10
238 119 0 100 19
238 120 0 100 17
238 121 0 100 14
238 125 0 100 18
238 127 0 100 16
239 128 0 100 16
239 1 0 100 460
239 130 0 100 18
239 131 0 100 9
239 132 0 100 14
239 133 0 100 15
239 134 0 100 0
239 135 0 100 7
239 136 0 100 10
239 138 0 100 15
239 139 0 100 16
239 140 0 100 1
239 141 0 100 14
239 142 0 100 6
239 143 0 100 16
239 144 0 100 18
239 145 0 100 17
239 146 0 100 18
239 147 0 100 15
239 114 0 100 14
239 116 0 100 12
239 117 0 100 10
239 118 0 100 13
239 119 0 100 16
239 120 0 100 19
239 122 0 100 9
239 123 0 100 12
239 124 0 100 14
239 125 0 100 14
239 127 0 100 18
240 128 0 100 14
240 1 0 100 460
240 130 0 100 17
240 131 0 100 13
240 132 0 100 13
240 133 0 100 14
240 134 0 100 3
240 135 0 100 6
240 136 0 100 9
240 138 0 100 14
240 139 0 100 15
240 140 0 100 1
240 141 0 100 12
240 142 0 100 3
240 143 0 100 13
240 144 0 100 15
240 145 0 100 14
240 146 0 100 15
240 147 0 100 12
240 111 0 100 19
240 114 0 100 17
240 116 0 100 12
240 117 0 100 12
240 118 0 100 12
240 119 0 100 15
240 120 0 100 18
240 122 0 100 12
240 123 0 100 10
240 124 0 100 13
240 125 0 100 13
240 127 0 100 16
241 128 0 100 13
241 129 0 100 13
241 130 0 100 9
241 132 0 100 3
241 133 0 100 3
241 134 0 100 14
241 135 0 100 10
241 136 0 100 5
241 137 0 100 19
241 138 0 100 2
241 139 0 100 3
241 140 0 100 12
241 141 0 100 0
241 142 0 100 11
241 143 0 100 2
241 144 0 100 4
241 145 0 100 4
241 146 0 100 5
241 147 0 100 11
241 148 0 100 19
241 150 0 100 17
241 152 0 100 18
241 1 0 100 460
241 105 0 100 17
241 106 0 100 18
241 107 0 100 17
241 108 0 100 19
241 109 0 100 15
241 110 0 100 13
241 111 0 100 15
241 112 0 100 12
241 113 0 100 15
241 119 0 100 17
241 120 0 100 14
241 121 0 100 12
241 124 0 100 17
241 125 0 100 16
241 127 0 100 13
242 128 0 100 16
242 129 0 100 11
242 130 0 100 12
242 107 0 100 15
242 132 0 100 7
242 133 0 100 6
242 134 0 100 17
242 1 0 100 460
242 136 0 100 9
242 138 0 100 5
242 139 0 100 2
242 140 0 100 15
242 141 0 100 3
242 142 0 100 13
242 143 0 100 3
242 144 0 100 1
242 145 0 100 3
242 146 0 100 7
242 147 0 100 13
242 148 0 100 18
242 150 0 100 19
242 105 0 100 16
242 106 0 100 16
242 135 0 100 13
242 108 0 100 17
242 109 0 100 18
242 110 0 100 15
242 111 0 100 18
242 112 0 100 14
242 113 0 100 13
242 120 0 100 17
242 121 0 100 15
242 125 0 100 19
242 127 0 100 17
243 128 0 100 14
243 1 0 100 460
243 130 0 100 16
243 131 0 100 17
243 132 0 100 12
243 133 0 100 13
243 134 0 100 8
243 135 0 100 5
243 136 0 100 8
243 138 0 100 13
243 139 0 100 15
243 140 0 100 6
243 141 0 100 11
243 142 0 100 1
243 143 0 100 10
243 144 0 100 11
243 145 0 100 10
243 146 0 100 11
243 147 0 100 8
243 151 0 100 19
243 111 0 100 18
243 116 0 100 16
243 117 0 100 16
243 118 0 100 14
243 119 0 100 14
243 120 0 100 17
243 122 0 100 17
243 123 0 100 14
243 124 0 100 12
243 125 0 100 12
243 127 0 100 15
244 128 0 100 15
244 129 0 100 15
244 130 0 100 11
244 107 0 100 18
244 132 0 100 6
244 133 0 100 5
244 134 0 100 16
244 1 0 100 460
244 136 0 100 8
244 138 0 100 4
244 139 0 100 5
244 140 0 100 14
244 141 0 100 2
244 142 0 100 10
244 143 0 100 0
244 144 0 100 2
244 145 0 100 1
244 146 0 100 4
244 147 0 100 10
244 150 0 100 18
244 105 0 100 18
244 106 0 100 19
244 135 0 100 12
244 109 0 100 17
244 110 0 100 15
244 111 0 100 17
244 112 0 100 13
244 113 0 100 16
244 119 0 100 19
244 120 0 100 17
244 121 0 100 14
244 124 0 100 19
244 125 0 100 18
244 127 0 100 16
245 128 0 100 16
245 129 0 100 15
245 130 0 100 12
245 107 0 100 19
245 132 0 100 7
245 133 0 100 7
245 134 0 100 18
245 1 0 100 460
245 136 0 100 9
245 138 0 100 5
245 139 0 100 6
245 140 0 100 16
245 141 0 100 4
245 142 0 100 11
245 143 0 100 1
245 144 0 100 3
245 145 0 100 1
245 146 0 100 3
245 147 0 100 9
245 150 0 100 19
245 105 0 100 19
245 135 0 100 14
245 109 0 100 19
245 110 0 100 16
245 111 0 100 18
245 112 0 100 14
245 113 0 100 17
245 120 0 100 18
245 121 0 100 15
245 125 0 100 19
245 127 0 100 17
246 128 0 100 15
246 1 0 100 460
246 130 0 100 16
246 132 0 100 12
246 133 0 100 13
246 134 0 100 16
246 135 0 100 12
246 136 0 100 9
246 138 0 100 13
246 139 0 100 14
246 140 0 100 14
246 141 0 100 11
246 142 0 100 10
246 143 0 100 10
246 144 0 100 11
246 145 0 100 9
246 146 0 100 5
246 147 0 100 1
246 111 0 100 18
246 119 0 100 19
246 120 0 100 17
246 124 0 100 19
246 125 0 100 18
246 127 0 100 16
247 128 0 100 19
247 129 0 100 17
247 130 0 100 15
247 132 0 100 10
247 133 0 100 9
247 1 0 100 460
247 136 0 100 12
247 138 0 100 8
247 139 0 100 7
247 140 0 100 18
247 141 0 100 7
247 142 0 100 14
247 143 0 100 4
247 144 0 100 4
247 145 0 100 2
247 146 0 100 1
247 147 0 100 7
247 135 0 100 16
247 110 0 100 18
247 112 0 100 17
247 113 0 100 18
247 121 0 100 18
248 128 0 100 19
248 129 0 100 12
248 130 0 100 16
248 132 0 100 19
248 133 0 100 18
248 1 0 100 460
248 137 0 100 2
248 138 0 100 18
248 139 0 100 16
248 141 0 100 19
248 144 0 100 19
248 148 0 100 0
248 149 0 100 14
248 150 0 100 3
248 151 0 100 16
248 152 0 100 9
248 104 0 100 17
248 105 0 100 2
248 106 0 100 3
248 107 0 100 4
248 108 0 100 7
248 109 0 100 11
248 110 0 100 7
248 111 0 100 15
248 112 0 100 9
248 113 0 100 8
248 115 0 100 11
248 119 0 100 19
248 120 0 100 16
248 121 0 100 12
248 126 0 100 6
248 127 0 100 17
249 128 0 100 17
249 129 0 100 14
249 130 0 100 14
249 132 0 100 17
249 133 0 100 16
249 1 0 100 460
249 137 0 100 2
249 138 0 100 16
249 139 0 100 17
249 141 0 100 17
249 143 0 100 18
249 144 0 100 19
249 145 0 100 19
249 148 0 100 2
249 149 0 100 12
249 150 0 100 0
249 151 0 100 14
249 152 0 100 6
249 104 0 100 16
249 105 0 100 3
249 106 0 100 4
249 107 0 100 5
249 108 0 100 8
249 109 0 100 8
249 110 0 100 5
249 111 0 100 12
249 112 0 100 6
249 113 0 100 9
249 115 0 100 10
249 119 0 100 17
249 120 0 100 14
249 121 0 100 10
249 124 0 100 19
249 125 0 100 19
249 126 0 100 5
249 127 0 100 15
250 128 0 100 11
250 1 0 100 460
250 130 0 100 16
250 135 0 100 15
250 136 0 100 19
250 137 0 100 14
250 148 0 100 14
250 149 0 100 0
250 150 0 100 11
250 151 0 100 2
250 152 0 100 6
250 104 0 100 7
250 105 0 100 12
250 106 0 100 13
250 107 0 100 14
250 108 0 100 17
250 109 0 100 9
250 110 0 100 12
250 111 0 100 9
250 112 0 100 14
250 113 0 100 17
250 114 0 100 15
250 115 0 100 6
250 116 0 100 12
250 117 0 100 14
250 118 0 100 10
250 119 0 100 7
250 120 0 100 10
250 121 0 100 12
250 122 0 100 16
250 123 0 100 12
250 124 0 100 8
250 125 0 100 8
250 126 0 100 10
250 127 0 100 11
251 128 0 100 12
251 1 0 100 460
251 130 0 100 16
251 135 0 100 15
251 136 0 100 19
251 137 0 100 15
251 142 0 100 19
251 148 0 100 15
251 149 0 100 1
251 150 0 100 13
251 151 0 100 1
251 152 0 100 7
251 104 0 100 8
251 105 0 100 13
251 106 0 100 13
251 107 0 100 14
251 108 0 100 17
251 109 0 100 9
251 110 0 100 12
251 111 0 100 10
251 112 0 100 14
251 113 0 100 18
251 114 0 100 14
251 115 0 100 8
251 116 0 100 11
251 117 0 100 12
251 118 0 100 9
251 119 0 100 8
251 120 0 100 10
251 121 0 100 13
251 122 0 100 15
251 123 0 100 11
251 124 0 100 7
251 125 0 100 9
251 126 0 100 11
251 127 0 100 11
252 128 0 100 11
252 1 0 100 460
252 130 0 100 10
252 132 0 100 15
252 133 0 100 16
252 129 0 100 17
252 136 0 100 16
252 137 0 100 8
252 138 0 100 17
252 141 0 100 18
252 148 0 100 8
252 149 0 100 6
252 150 0 100 6
252 151 0 100 7
252 152 0 100 0
252 104 0 100 13
252 105 0 100 6
252 106 0 100 8
252 107 0 100 9
252 108 0 100 11
252 109 0 100 4
252 110 0 100 7
252 111 0 100 6
252 112 0 100 8
252 113 0 100 12
252 115 0 100 6
252 116 0 100 17
252 117 0 100 18
252 118 0 100 15
252 119 0 100 11
252 120 0 100 8
252 121 0 100 7
252 123 0 100 17
252 124 0 100 13
252 125 0 100 13
252 126 0 100 4
252 127 0 100 10
253 1 0 100 460
254 1 0 100 460
255 1 0 100 460
256 1 0 100 460
257 1 0 100 460
258 1 0 100 460
259 1 0 100 460
260 1 0 100 460
261 1 0 100 460
262 1 0 100 460
263 1 0 100 460
264 1 0 100 460
265 1 0 100 460
266 1 0 100 460
267 1 0 100 460
268 1 0 100 460
269 1 0 100 460
270 1 0 100 460
271 1 0 100 460
272 1 0 100 460
273 1 0 100 460
274 1 0 100 460
275 1 0 100 460
276 1 0 100 460
277 1 0 100 460
278 1 0 100 460
279 1 0 100 460
280 1 0 100 460
281 1 0 100 460
282 1 0 100 460
283 1 0 100 460
284 1 0 100 460
285 1 0 100 460
286 1 0 100 460
287 1 0 100 460
288 1 0 100 460
289 1 0 100 460
290 1 0 100 460
291 1 0 100 460
292 1 0 100 460
293 1 0 100 460
294 1 0 100 460
295 1 0 100 460
296 1 0 100 460
297 1 0 100 460
298 1 0 100 460
299 1 0 100 460
300 1 0 100 460
301 1 0 100 460
302 1 0 100 460
2 10
1 -10
